0
00
000
001
0011
002
003
01
011
012
0121
0122
0123
01231
014
0141
015
02
021
0211
022
023
02331
025
02        
03
031
032
04
041
0411
0411        
05
06
062
0621
08
09
1
10
15°c
100
1000
101
101287
102
104
105
1050
11
110
1107
111
112
1121
11½
12
120
1200
1201
1203
121
1211
122
1221
123
1232
1252
126
1272
1273
128
13
130
1311
135
1356
1361
1362
14
1401
142
143
144
1464
149
15
150
15000
151
1512
1515
152
155
16
160
161
1621
17
170
1700
18
180
181
1812
186
1889
1897
19
1904
1906
1908
1911
1912
1913
1914
1915
1916
1917
1918
1919
1920
1921
1922
1923
1924
1925
1926
1927
1928
1929
1930
1931
1932
1933
1934
1935
1936
1937
1938
1939
194
1940
1941
1942
1943
1944
1945
1946
1947
1948
1949
1950
1951
1«
1½
2
20
200
2000
20000
2013
203
208
21
211
2114
22
223
2285
23
2341
2354
24
240
241
242
2433
25
250
251
252
2523
26
261
27
28
286
29
290
2½
3
30
300
30000
31
312
317
32
3211
322
323
325
327
328
33
331
333
33–34
34
341
342
3421
3431
35
3570
36
361
36111
362
37
372
379
38
386
39
3°c
3·326
4
40
400
4000
402
40719
41
411
42
424
42    
43
4311
4312
4321
435
44
441
441        
442
442        
44    
45
451
451   
452
453
46
461
4611
462
464
465
466
46    
47
470
473
4731
4733
473   
47    
48
484
49
5
50
500
5000
500000
501   
502   
506
51
511
512
512   
513
513   
514
515
515                         6
52
521
523
525                         6
5261
528
53
5301                        3
5303
531                         3
532
5321
534
535
5352
541
542
5423
55
551
552
553
5542
5563
56
57
58
59
6
60
601
61
62
6297
63
631
6331
641
6456
67
68
68’04“
7
70
72
720
76
77
8
80
800
8000
81
87
9
90
92
96
96265
C°
N°
N°6
p│p
p│q
xRb
xRy
x    E
x—o
x↙——↘o
 
   
   5
   6
    
    12
    25
    6
     
      
       
        
        not
        wrong        right
            
         
o—x      
£
£10
£100
£200
£300
£4
£50
£80
£9
°
±ε
»1
»2«
»a
¼
½
½10
¾
ζ
ν
ξ
π
φ
φx
φy
ψa
ϕ
ϕx
‒
–
—
›p‹
ℵ
ℵ0
←
→
∃
∃x
∃y
∃φ
∇
√2
∨
≠
≡
⊃
⊢
│
││p
Q
q
W
w
E
e
R
r
T
t
Z
z
U
u
I
i
O
o
P
p
A
a
S
s
D
d
F
f
G
g
H
h
J
j
K
k
L
l
Y
y
X
x
C
c
V
v
B
b
N
n
M
m
Ü
ü
Ö
ö
Ä
ä